942920
275619
1252872
133320
572076
1291830
1086685
242842
1209948
733107
1288488
130895
448086
518198
1206481
906376
653841
37253
1335933
449402
423315
633153
476446
140647
825114
195102
727357
946296
853117
339516
263317
1295295
274393
52247
1318617
1175648
30133
791830
302736
162771
619794
1330160
151019
995844
442011
138815
753845
645752
1007383
94169
344124
640239
1007850
363088
60557
1094064
371708
148449
721087
1043967
560091
1145500
660187
1166655
893942
718895
239809
286929
59902
280020
1320935
315629
403570
910750
904142
1030091
658062
713103
1228924
1124927
983813
1205989
337109
396633
250985
21652
1146035
867130
597
368116
1329616
997853
576798
333342
578152
620513
258784
339170
1147692
726187
940287
909943
794965
336322
1164142
181176
258676
1117575
885959
488707
253695
1093810
1109937
4190
626466
750161
1009670
375428
1095082
1113076
34732
1016934
631803
283036
1065185
394620
1232882
776739
300897
481465
865426
664623
1010916
67866
1293800
180888
906308
1052911
750667
1299145
766670
562626
178813
132695
896020
943227
265981
1023768
398787
58557
982353
1052632
521654
628926
388536
287081
826541
962149
119978
460828
224442
501821
29876
341338
829483
884432
201086
705115
22277
1091266
1054907
936913
1104184
878379
640244
231935
1310750
391611
671532
639383
702137
74291
632725
863125
95300
761067
1012833
130196
423771
1223872
908916
1257390
659725
1030862
64029
93808
401419
84057
382735
1328546
353772
217949
593475
463376
362215
569760
1344843
296240
902213
750170
1310949
426857
564922
1136741
1194739
585937
969961
1029545
907255
859895
955308
202766
929854
1289451
830368
214340
25556
1028263
531720
938541
881534
981382
823860
820209
1133356
199811
400521
675036
390292
895815
526750
744562
696887
35746
109601
637219
1232809
1312713
571087
1217736
1132693
170468
1204158
1093205
410743
1265415
405536
941734
122466
989361
723909
681524
1084837
1248756
86192
685777
551919
1095144
1342016
420381
444663
1110606
710287
781465
1028831
1324448
478822
631418
995020
1229897
1278017
1278089
97506
790801
837693
686683
859558
221402
855104
71693
160577
86029
575808
541452
475666
1103121
1044957
850821
1159469
910562
796559
653529
997863
1044362
1044033
980805
750544
1062258
640288
1254137
304517
998007
764717
1019058
728689
1064087
893987
964303
660797
785874
828633
1146477
795322
414852
745830
569217
268734
54726
94923
1234301
808608
1155297
652745
822287
429910
1186192
703143
962502
454937
1250396
736743
304843
581206
733507
11268
695605
851487
1346518
558468
10654
264337
43402
466702
1149308
477475
422024
864352
991212
289697
744311
1118401
405125
1051223
833893
474266
884949
36257
740623
530855
117314
723413
1274372
402455
633893
497610
680439
282098
1299918
406638
1305487
178261
961292
872457
1287195
1055819
913203
453661
6540
1216448
1316108
187482
361070
1038296
27659
204010
322855
1018746
1053089
904774
1263938
141255
662502
528334
976028
1104631
81957
77348
332303
520053
816058
760397
489770
846095
538043
1306667
28248
491466
930232
509303
457667
569261
343634
1158997
1068511
554227
1172738
1341394
161961
28088
435047
316966
9907
682768
83254
1309319
451991
700222
227445
1286149
1007063
817894
618674
1326597
653555
400796
1008300
1134338
479356
301131
116805
1323131
489438
1308967
1080653
908800
1130438
792142
308298
1021159
250460
323940
621730
104335
535215
145718
716388
153026
1262735
1061505
1045896
158910
196221
529084
797852
79771
868616
999958
230336
912911
910715
382119
343947
1034850
410962
100884
1062913
1133357
966264
1335367
1040528
822597
577966
525350
1348384
677279
1256190
963948
253133
1116889
742885
171318
839572
870235
97985
851619
164642
1268407
1083312
143221
1042977
380417
1321634
1234623
534749
320318
119750
497897
456131
1084295
264971
142038
20754
146878
1007281
354729
1328374
1302939
688474
668715
471970
653505
971557
407846
664813
241390
1232422
23907
876169
910014
300908
1176287
1143214
934938
442803
403929
394895
1212232
642155
365715
1100486
212280
76869
266889
1189460
269940
865065
1062375
494080
917285
302739
923461
1115193
757886
973777
1112333
371778
901840
318057
480713
762865
612469
405125
83198
1039652
532208
1202376
1298333
156440
937868
7504
923745
13802
164100
673876
1156584
507039
825523
31600
139887
300663
908301
171645
1292303
513582
149176
786663
96080
391450
566876
908845
952132
1041717
1080893
351442
1219693
1338664
247967
1149847
282429
723335
765523
550790
372244
722731
1223693
209327
351871
798873
80105
465395
441586
590895
803471
201599
903335
943235
258220
1339776
706213
144556
552699
957221
1035745
146780
8708
220471
602719
1065884
796889
268646
458351
1003403
552158
539871
317853
38823
151985
1100325
410465
549226
1099545
184306
865385
1196764
311126
1322263
736092
406301
480317
58182
1197747
1247293
377410
835144
210550
596749
173470
851438
514240
1190810
1061262
836333
116780
57124
137592
1110192
227499
948507
309347
668806
253912
436934
782907
251840
522806
1094629
957433
323905
584616
918579
1219485
347983
807903
981350
647122
1103590
964349
720679
1231604
645811
931053
51462
605130
905087
1054191
864742
1264710
876677
910194
653392
709647
95480
46523
351159
948635
1276224
724362
1312161
1273215
6741
844988
607274
316306
525101
497963
55336
1210904
1019911
244181
747018
482228
865164
494985
1308381
116395
457597
455918
595291
84126
497833
1346030
40164
151830
655096
2367
364458
26518
1139356
1091537
978989
1014961
1307568
997157
1308660
161618
1264601
258506
1212506
841039
409275
1065233
928067
168724
192680
1166520
205234
391860
1186326
1188366
1261786
1343524
849782
355928
1068232
776
1341115
648760
296443
618446
856706
828629
920907
234889
116450
1139827
1231833
827380
317936
785144
992351
255901
162663
734770
866559
998993
160744
1212436
400118
296066
480971
137801
1137090
250323
258829
825216
229307
457590
168671
230583
614279
520060
407257
488028
1148658
1186763
1084461
897122
970709
483192
574590
547208
103801
1350366
1154567
1190014
1172648
280534
814597
42637
1087417
1237778
67685
145416
211939
1173529
506762
1072937
20443
494428
884464
1178927
725417
324346
708722
1241271
398508
16736
957977
1121065
895710
1275894
1164052
1254519
446041
99691
373641
1292658
251883
1169571
888023
622975
450607
283288
1172274
354283
102086
464047
87330
246378
575115
183599
1175818
822112
269755
643168
266660
1299576
1112825
969243
497268
1256548
315273
226223
1124771
1319040
1201612
1005367
1161152
1198587
944833
335970
618496
833701
670274
878876
1168726
1158549
50055
824638
1208854
566231
544513
746647
213005
29648
763910
515529
39568
62833
203509
485510
279422
93017
686381
1071303
1214671
187291
51008
917171
410215
724544
1012798
615302
227602
319635
151362
264660
429900
30563
730645
314354
818135
1268643
1342230
916167
374295
556779
1224448
17876
268393
573425
5364
593689
167420
941891
1274915
1322752
861606
736588
211109
599271
376244
1948
381132
187338
520454
1177914
927588
424695
1348666
577798
1244007
272161
1047908
694066
608462
435054
854293
219305
1007644
77217
469539
361103
1264191
350906
1342229
1059848
975474
1326395
76853
124397
1284658
1036048
8176
826361
5489
25647
1105274
677196
183108
614184
1115225
106272
536074
337097
392917
91067
105110
279447
40313
