142989
1298532
220538
1029421
1003056
641003
775091
462797
1049032
85642
1206669
245475
578785
995372
1202970
662216
305380
215472
830139
1300779
81386
389011
614942
160912
937209
439044
870795
1198954
848815
1113020
54025
305365
284280
323746
1268320
1098139
1181285
1096407
191015
971182
887582
626449
68380
517974
887046
294126
1095837
856785
67819
724188
399178
192154
1053057
852838
43063
1238947
171017
1126656
724215
781439
1004754
89908
1307444
1295380
313794
595788
520312
36731
1090138
477261
944554
1187884
1182723
286008
570565
247045
291411
1126374
1181042
534469
1023180
602249
918055
1170604
1328227
934539
39173
1296200
1091818
500883
56819
1336940
659627
1167476
848354
789035
1156239
394120
1018401
605197
304229
650157
1035184
936378
740188
956219
1084685
179594
826595
618003
587091
677172
432231
1184697
102686
1217667
476553
581079
596955
505309
567858
294329
220730
1024081
411116
404479
832090
808536
537589
1121520
224985
783122
252241
1173533
203760
799236
441291
1067109
434758
1221968
1232370
1189853
622265
582922
94615
942876
298789
985193
17532
1021355
1257261
162228
894417
175675
77250
1280539
537482
255945
928556
635319
887140
495940
613224
1294465
592803
1057754
358627
421189
1317980
410622
626803
1238805
406762
738009
240863
1060779
708846
1267357
1056736
157423
20176
608104
979781
1095260
1251903
1262407
846792
334310
597162
340736
1160742
213307
1087438
412124
1173396
726665
173268
822726
61956
999397
322434
1001033
1202849
1006589
821524
721754
277407
865836
596464
673231
593915
580779
1135613
352522
1028347
943056
64357
472183
1113053
1253091
135683
127202
743381
959614
254349
198093
890383
616592
611158
934096
883287
1178837
448955
935855
598164
870348
1067591
1173891
518663
220020
629192
374994
1321974
1153657
542514
1085052
255726
623452
384203
57303
1329721
817087
822113
958815
780281
932168
239945
1327631
970954
576949
283624
216045
1147016
281115
865939
309745
406885
727537
1189326
630093
160135
419321
531875
935926
290064
1291735
74774
439467
1041653
587459
1122728
848565
1156107
827677
1058523
1204222
688061
658324
1111446
713158
317543
236207
123860
1024810
1206313
1246260
531845
90489
1332725
448330
183803
1193398
794565
966616
68291
521256
1046129
603814
1333425
974000
383778
876024
894801
124696
395022
757707
1133237
852752
808193
338742
1311285
1120762
800783
203342
393416
684821
90208
1269234
193501
1127364
1337358
430278
755426
885223
125456
540521
165745
1341580
353535
822363
199626
100271
611199
136769
436110
466964
849515
71818
1011168
1185579
352140
964599
834984
1247285
487602
570256
1142078
305457
996470
1258451
97233
266532
506454
878281
902070
2241
468891
739699
30625
140981
464315
671391
531817
103277
857627
827653
289500
309388
1351183
708976
1069898
391549
661338
185782
274172
483955
792475
64691
1118838
263026
630586
1187636
733512
692865
767836
1275710
1200759
484646
289256
392700
754123
985659
840254
77021
300111
1092432
1129466
791274
39285
1119100
1072501
514390
942025
247947
1090174
101460
2227
560915
38579
1159239
1171040
422139
512747
664119
1305715
360443
643016
475627
1156256
376841
596880
475074
104057
448213
1155851
59027
946395
403125
531747
269806
612400
1318827
96456
1241496
1044550
410249
506485
664851
576936
627654
101799
417454
840810
334483
846399
473873
516118
1107079
1260387
247691
233166
1106028
612967
939545
1160688
1190577
228195
563161
935693
979542
1140358
354935
977151
117022
1276317
582715
106867
534800
239875
1170408
201552
1320137
334359
556943
154526
937936
1098513
71627
255082
963988
1212571
1305697
783105
558057
16609
117088
834103
93145
888800
695637
1158500
912775
770561
919964
198379
706269
1028476
861194
356030
897459
295371
775147
1057702
937200
570409
1128608
1233766
316574
170027
281084
961254
138048
628060
1262354
891960
344689
383917
1187012
1306858
667206
755722
723826
443211
154039
144236
1034573
72490
46894
466653
1183689
386217
1163122
888382
220683
301339
806312
1155851
243788
1230656
637210
1321745
1063757
366783
508529
943012
1164260
739061
491044
330170
28423
148146
365364
445591
257073
1341890
209484
1046877
1264433
905383
682797
50336
284571
913529
762248
513803
1274166
1293320
970098
192148
457906
676389
106845
316121
513704
1270391
870362
272673
245888
390539
880330
403809
1225233
343628
272292
770426
733298
448809
107316
482911
774626
497840
849950
1276866
1201857
337569
43752
613643
1209206
1046787
108176
1114976
1054796
381938
1126438
708158
107230
219724
1050974
808485
1242520
1332342
863934
569847
875471
919076
1077661
1071717
788496
427627
31681
474556
132566
651659
715595
527103
1116761
1117575
487975
723378
787855
1203593
980653
471525
1066438
485035
228140
1328708
227245
1078518
459602
1073482
379649
1204753
925919
1018008
1015953
268406
861458
258696
417470
699619
918148
237549
1052911
266459
672250
1279929
895145
96645
115876
795544
1241891
74889
447631
856691
968912
1272409
1300414
829936
367154
683583
455038
403137
233033
308783
1293168
346848
1089079
228023
116342
130241
197775
791127
551768
142817
1121486
566353
919913
595054
701031
389002
424471
195153
70532
8518
1011603
407466
559865
38036
629448
261874
1346927
249247
198337
1077762
454325
531685
519257
631864
643433
149821
879558
31274
860682
1151331
1323438
137882
168915
50796
1126054
711795
1027282
643755
273422
12928
383705
714833
539684
303222
1318858
1081110
416412
258646
15180
269156
485322
765470
345926
338263
987840
145867
783173
673431
103618
262778
533287
979408
162325
1167399
669249
511959
934469
764083
672628
350642
87704
211171
237342
5302
420424
563542
558804
104751
746849
171443
1134707
1119749
847886
101985
406105
53978
73993
366348
918980
1287114
343755
1179889
784360
323864
818656
51207
1146750
720057
665941
722216
733568
453259
249151
855586
1157423
1304277
819421
97030
1349771
203293
735968
249777
320619
1220455
182958
319054
932309
1240537
1063556
1271073
729667
1269184
521202
1055196
374532
894719
254735
983205
834553
1116238
854452
1090522
1336179
363795
909678
1239158
1029632
755986
411510
1159122
333702
909628
894717
1207425
842604
590804
25871
1107049
9363
736458
797274
682046
403316
573017
395255
256551
31866
582034
523951
248176
768526
599738
217426
1066467
1264147
204372
1188838
34146
1011295
169906
138410
455989
661202
947996
1101453
1323770
1135663
1306521
369684
24733
699836
459708
397635
825034
127000
601149
1229763
1235076
1225344
306682
116717
467899
119753
1194153
257687
774963
631458
364458
737757
485223
97848
73307
1124183
590435
40285
574506
553979
780263
903959
1199026
1172767
199552
1254535
183477
41406
668455
30335
683929
540724
1048262
943049
1190133
902406
713594
861362
505731
616555
206319
541929
699161
1322339
1002637
966041
17567
559857
1212480
790463
1027397
524317
1348320
840108
681960
1029054
1127185
1343291
579938
2700
605333
1165014
1053190
775596
1050464
1184300
118009
594810
587640
307102
30208
432670
868100
459112
1109816
496614
1161842
80294
873667
273732
1207238
237526
1208302
971681
298582
760881
119849
873377
124727
1152861
1161353
376226
163990
915034
873140
285139
1053339
1037173
267223
75685
1143120
534337
583047
145023
70130
139501
819835
349078
660525
554367
556300
890063
584707
853178
646781
1096231
1142747
705464
